Conteo: 307
Promedio: 241.49511400651465
Mediana: 241.0
Moda: 393.0, 19.0, 368.0, 290.0, 56.0, 11.0, 76.0, 215.0, 64.0, 375.0, 466.0, 277.0, 211.0, 46.0, 278.0, 170.0, 166.0, 96.0, 268.0
Desviación Estándar: 145.46484786056646
Varianza: 21160.02196309775
Tiempo Transcurrido: 0.0009999275207519531 segundos
