Conteo: 1977
Promedio: 250.7840161861406
Mediana: 247.0
Moda: 230.0
Desviación Estándar: 144.17131868884064
Varianza: 20785.369132479253
Tiempo Transcurrido: 0.0030028820037841797 segundos
